22
frank
hots
1
CS
4
2
IAE
4
3
BUS
4
4
MA
4
1
sam
s
1
1
1
2
2
2
3
3
3
4
4
4
2
connor
s
1


2
2
2
3
3
3
4
4
4
3
steve
j
1

4
3
3
3
4
4
4
4
4
4
4
linuz
t












1
1
1
1
1
1
2
2
22
3
3
3
4
4
4
2
2
2
10
10
12
2
2
22
3
3
3
4
4
4
3
3
3
1

4
2

12
7
7
7
4
4
4
4
4
4












1
1
1
1
1
1
1
1
1
1
1
1
1
1
1
2
2
2
1

1
1

1
1

1
1

1
3
3
3
1

1
1

1
1

1
1

1
4
4
4
1

1
1

1
1

1
1

1
1
sam
s
1
1
1
2
2
2
3
3
3
4
4
4
2
connor
s
4
4
4
3
3
3
2
2
2
1

3
3
steve
j
9
9
9
8
8
8
7
7
7
6
6
6
4
linuz
t
5
5
5
6
6
6
4
4
4
1

7
